1.5221
1.5221
1.5221
1.5198
1.5197
1.5197
1.5175
1.5174
1.5174
1.5174
1.5165
1.5164
1.5165
1.5165
1.5165
1.514
1.514
1.514
1.514
1.514
1.514
1.514
1.514
1.514
1.514
1.514
1.514
1.514
1.514
1.5125
1.5125
1.5111
1.5051
1.5051
1.5051
1.5051
1.5051
1.5051
1.5051
1.5048
1.5048
1.5048
1.5048
1.5048
1.5048
1.5048
1.5048
1.5048
1.5048
1.5048
1.5048
1.5048
1.5048
1.5048
1.5048
1.5005
1.5006
1.5006
1.5006
1.5006
1.4998
1.4998
1.4998
1.4998
1.4964
1.4933
1.4933
1.4933
1.4933
1.4933
1.4933
1.4933
1.4933
1.4933
1.4933
1.4933
1.4933
1.4933
1.4933
1.4933
1.4933
1.4933
1.4933
1.4901
1.4901
1.4901
1.4901
1.4879
1.4879
1.4879
1.4855
1.4855
1.4855
1.4798
1.4759
1.4744
1.4678
1.4678
1.4678
1.4623
1.4622
1.4623
1.4587
1.4588
1.4587
1.4587
1.4587
1.4587
1.4587
1.4587
1.4581
1.4582
1.4582
1.4582
1.4582
1.4582
1.4581
1.4582
1.4583
1.4583
1.4583
1.4583
1.4552
1.4551
1.4551
1.4524
1.4524
1.4523
1.4501
1.4501
1.45
1.45
1.4478
1.4479
1.4478
1.4478
1.4478
1.4478
1.4448
1.4448
1.4449
1.4449
1.4449
1.4449
1.4449
1.4449
1.4449
1.4418
1.4418
1.4419
1.4419
1.4369
1.4367
1.4368
1.4345
1.4345
1.4345
1.4345
1.4345
1.4345
1.4326
1.4277
1.4246
1.4246
1.4222
1.4222
1.4223
1.4223
1.4223
1.4223
1.4223
1.4223
1.4223
1.4223
1.4223
1.4223
1.4187
1.4187
1.4188
1.4188
1.4188
1.4188
1.4188
1.4188
1.4188
1.4188
1.4188
1.4188
1.4188
1.4188
1.4188
1.4188
1.4188
1.4188
1.4188
1.4188
1.4188
1.4188
1.4188
1.4188
1.4188
1.4188
1.4188
1.4129
1.4129
1.4129
1.4129
1.4106
1.4106
1.4106
1.4106
1.4106
1.4082
1.4059
1.4059
1.4059
1.3985
1.3985
1.3985
1.3985
1.3985
1.3985
1.3985
1.3985
1.3985
1.3985
1.3985
1.3985
1.3978
1.3977
1.3949
1.3949
1.3949
1.3949
1.3949
1.3949
1.3949
1.3949
1.3949
1.3949
1.3949
1.3925
1.3925
1.3925
1.3918
1.3918
1.3918
1.3918
1.3918
1.3884
1.3884
1.3884
1.3884
1.3884
1.3884
1.3884
1.386
1.386
1.3825
1.3824
1.3824
1.3824
1.3824
1.3824
1.3824
1.3824
1.3773
1.3773
1.3773
1.3773
1.3773
1.3773
1.3773
1.3773
1.3773
1.3773
1.3773
1.3773
1.3773
1.3761
1.3761
1.3762
1.3762
1.3762
1.3762
1.3762
1.3762
1.3732
1.3732
1.3731
1.3731
1.3731
1.3731
1.3731
1.3731
1.3731
1.3731
1.37
1.3702
1.3701
1.3701
1.3701
1.3701
1.3701
1.3701
1.3701
1.3701
1.3701
1.3701
1.3701
1.3701
1.3678
1.3678
1.3677
1.3677
1.3677
1.3677
1.3677
1.3625
1.3625
1.3625
1.3625
1.3625
1.3625
1.3625
1.3625
1.3625
1.3625
1.3625
1.3625
1.3625
1.3596
1.3596
1.3568
1.3568
1.3568
1.3566
1.3565
1.3566
1.3566
1.3566
1.3566
1.3541
1.3515
1.3515
1.3514
1.3498
1.3496
1.3497
1.3497
1.3497
1.3497
1.3497
1.3497
1.3497
1.3497
1.3497
1.349
1.3491
1.349
1.349
1.349
1.349
1.349
1.349
1.349
1.349
1.349
1.349
1.349
1.3466
1.3442
1.3442
1.3443
1.3443
1.3443
1.3443
1.3443
1.3443
1.3422
1.3422
1.3422
1.3422
1.3422
1.3422
1.3422
1.3422
1.3422
1.341
1.3411
1.341
1.341
1.341
1.341
1.341
1.341
1.341
1.341
1.341
1.341
1.341
1.341
1.3405
1.3406
1.3405
1.3405
1.3405
1.3405
1.3405
1.3405
1.3405
1.3405
1.3405
1.3405
1.3405
1.3405
1.3357
1.335
1.335
1.335
1.335
1.335
1.335
1.335
1.335
1.335
1.335
1.335
1.335
1.335
1.335
1.335
1.335
1.335
1.335
1.3317
1.3318
1.3318
1.3318
1.3318
1.3318
1.3318
1.3318
1.3318
1.3318
1.3318
1.3318
1.3318
1.3287
1.3289
1.3288
1.3288
1.3288
1.3288
1.3288
1.3288
1.3288
1.3288
1.3288
1.3288
1.3288
1.3288
1.3288
1.3288
1.3288
1.3288
1.3288
1.3248
1.3248
1.3249
1.3249
1.3249
1.3249
1.3249
1.3249
1.3249
1.3249
1.3249
1.3249
1.3249
1.3249
1.3249
1.3249
1.3249
1.3249
1.3249
1.3249
1.3249
1.3223
1.3223
1.3224
1.3224
1.3224
1.3224
1.3224
1.3224
1.3224
1.3224
1.3224
1.3224
1.3224
1.3216
1.3217
1.3216
1.3216
1.3216
1.3216
1.3216
1.3216
1.3193
1.3193
1.3191
1.3191
1.3192
1.3192
1.3192
1.3192
1.3192
1.3192
1.3192
1.3192
1.3192
1.3192
1.3192
1.3192
1.3192
1.3192
1.3192
1.3192
1.3192
1.3191
1.3191
1.3191
1.3191
1.3191
1.3191
1.3191
1.3191
1.3191
1.319
1.3189
1.319
1.319
1.319
1.319
1.319
1.319
1.319
1.319
1.319
1.319
1.319
1.319
1.319
1.319
1.319
1.319
1.3175
1.3137
1.3138
1.3137
1.3137
1.3137
1.3137
1.3137
1.3137
1.3137
1.3112
1.3111
1.3111
1.3111
1.3111
1.3111
1.3111
1.3103
1.3097
1.3093
1.3093
1.3093
1.3093
1.3093
1.3093
1.3093
1.3093
1.3093
1.3093
1.3093
1.3093
1.3093
1.3093
1.3093
1.3093
1.3093
1.3093
1.3093
1.3093
1.3071
1.3071
1.3071
1.3071
1.3071
1.3071
1.3071
1.3071
1.3071
1.3071
1.3071
1.3071
1.3071
1.3071
1.3071
1.3019
1.302
1.302
1.302
1.302
1.302
1.302
1.302
1.3006
1.3006
1.3006
1.3006
1.3006
1.3006
1.3006
1.3006
1.298
1.298
1.298
1.298
1.2976
1.2976
1.2976
1.2973
1.2973
1.2927
1.2921
1.2921
1.2921
1.2921
1.2921
1.2921
1.2921
1.2921
1.2921
1.2919
1.2852
1.2851
1.2852
1.2852
1.2852
1.2852
1.2821
1.282
1.282
1.2791
1.2791
1.2791
1.2791
1.2791
1.2748
1.2748
1.2748
1.2748
1.2748
1.2748
1.2748
1.2748
1.2748
1.2748
1.2748
1.2724
1.2724
1.2723
1.2723
1.2723
1.2723
1.2723
1.2723
1.271
1.2709
1.271
1.271
1.271
1.2679
1.2679
1.2679
1.2679
1.2679
1.2679
1.2679
1.2679
1.2679
1.2679
1.2679
1.2679
1.2656
1.2626
1.2626
1.2625
1.2625
1.2604
1.2603
1.2603
1.2603
1.2603
1.2603
1.2603
1.2603
1.2603
1.2603
1.2603
1.2603
1.2581
1.2581
1.2581
1.2581
1.2581
1.2546
1.2546
1.2545
1.2545
1.2545
1.2545
1.2545
1.2545
1.2545
1.2545
1.2545
1.2545
1.2545
1.2545
1.2545
1.2545
1.2545
1.2545
1.2545
1.2545
1.2521
1.2521
1.2465
1.2464
1.2463
1.2463
1.2463
1.2463
1.2463
1.2456
1.2456
1.2455
1.2455
1.2455
1.2448
1.2424
1.2424
1.2426
1.2426
1.2426
1.2426
1.2426
1.2426
1.2426
1.2426
1.2424
1.2425
1.24
1.2402
1.2401
1.2386
1.2362
1.2364
1.2363
1.2363
1.2363
1.2363
1.2342
1.2342
1.2342
1.2342
1.2342
1.2306
1.2307
1.2307
1.2307
1.2307
1.2307
1.2307
1.2307
1.2307
1.2307
1.2307
1.2307
1.2307
1.2307
1.2307
1.2307
1.2307
1.2307
1.2307
1.2305
1.2305
1.2305
1.2305
1.2305
1.2305
1.228
1.228
1.2281
1.2237
1.2238
1.2238
1.2223
1.2201
1.2201
1.2201
1.2201
1.2195
1.2195
1.2195
1.2195
1.2173
1.2173
1.2174
1.2112
1.2112
1.2113
1.2113
1.2113
1.2078
1.2078
1.2076
1.2061
1.206
1.2061
1.2061
1.2061
1.2061
1.2061
1.2061
1.2061
1.2061
1.2061
1.2061
1.2061
1.2061
1.2058
1.2058
1.2058
1.2026
1.2025
1.2026
1.2026
1.2026
1.2026
1.2026
1.2006
1.2006
1.2006
1.2
1.2
1.194
1.1918
1.1918
1.1904
1.1904
1.1904
1.1904
1.1904
1.1904
1.1904
1.1904
1.1844
1.1844
1.1844
1.1844
1.1844
1.1844
1.1844
1.1844
1.1844
1.1844
1.1844
1.1821
1.1821
1.1821
1.1821
1.1821
1.1803
1.1803
1.1789
1.1789
1.1789
1.1789
1.1789
1.1763
1.1762
1.1762
1.1762
1.1762
1.1762
1.1762
1.1762
1.1762
1.1762
1.1762
1.1762
1.1753
1.1754
1.1753
1.1753
1.1753
1.1753
1.1753
1.1753
1.175
1.1751
1.1751
1.1751
1.1751
1.1751
1.1751
1.1751
1.1751
1.1751
1.1751
1.1751
1.1751
1.1751
1.1751
1.1751
1.1751
1.1745
1.1741
1.1741
1.1735
1.1736
1.1735
1.1735
1.1735
1.1722
1.1722
1.1722
1.1722
1.1722
1.1722
1.1722
1.1722
1.1699
1.17
1.17
1.17
1.17
1.17
1.17
1.17
1.1695
1.1696
1.1696
1.1696
1.1696
1.1687
1.1666
1.1666
1.1666
1.1659
1.1658
1.1659
1.1659
1.1659
1.1659
1.164
1.164
1.1639
1.1639
1.1639
1.1639
1.1639
1.1639
1.1639
1.1639
1.1639
1.1639
1.1639
1.1639
1.1639
1.1639
1.1639
1.1639
1.1639
1.1639
1.1639
1.1639
1.1639
1.1639
1.1639
1.1639
1.1639
1.1639
1.1627
